{
 "cells": [
  {
   "cell_type": "code",
   "execution_count": null,
   "id": "dd26cb80-7eed-4d6a-9bd3-c3fc13eda35c",
   "metadata": {},
   "outputs": [],
   "source": [
    "import pandas as pd\n",
    "import numpy as np\n",
    "from tvDatafeed import TvDatafeed, Interval\n",
    "from matplotlib import pyplot as plt\n",
    "import datetime as dt\n",
    "import seaborn as sns\n",
    "import time\n",
    "\n",
    "plt.style.use('seaborn-darkgrid')"
   ]
  },
  {
   "cell_type": "code",
   "execution_count": null,
   "id": "ddb9304b-1234-4c52-ac83-8a37d79c1193",
   "metadata": {},
   "outputs": [
    {
     "name": "stderr",
     "output_type": "stream",
     "text": [
      "you are using nologin method, data you access may be limited\n"
     ]
    }
   ],
   "source": [
    "tv = TvDatafeed()"
   ]
  },
  {
   "cell_type": "code",
   "execution_count": null,
   "id": "73bb71ee-886b-4997-87a3-e3018861696c",
   "metadata": {},
   "outputs": [],
   "source": [
    "# Create a dictionary containing the forex pairs\n",
    "forex_pairs = {\n",
    "    \"AUDNZD\": \"Australian Dollar/New Zealand Dollar\",\n",
    "    \"AUDUSD\": \"Australian Dollar/US Dollar\",\n",
    "    \"EURCAD\": \"Euro/Canadian Dollar\",\n",
    "    \"EURCHF\": \"Euro/Swiss Franc\",\n",
    "    \"EURGBP\": \"Euro/British Pound\",\n",
    "    \"EURUSD\": \"Euro/US Dollar\",\n",
    "    \"GBPCAD\": \"British Pound/Canadian Dollar\",\n",
    "    \"GBPCHF\": \"British Pound/Swiss Franc\",\n",
    "    \"GBPUSD\": \"British Pound/US Dollar\",\n",
    "    \"NZDUSD\": \"New Zealand Dollar/US Dollar\",\n",
    "    \"USDCAD\": \"US Dollar/Canadian Dollar\",\n",
    "    \"USDCHF\": \"US Dollar/Swiss Franc\",\n",
    "    \"AUDJPY\": \"Australian Dollar/Japanese Yen\",\n",
    "    \"EURJPY\": \"Euro/Japanese Yen\",\n",
    "    \"GBPJPY\": \"British Pound/Japanese Yen\",\n",
    "    \"NZDJPY\": \"New Zealand Dollar/Japanese Yen\",\n",
    "    \"USDJPY\": \"US Dollar/Japanese Yen\"\n",
    "}"
   ]
  },
  {
   "cell_type": "code",
   "execution_count": null,
   "id": "b4a64573-7522-4013-ba66-c020ee7d9221",
   "metadata": {},
   "outputs": [
    {
     "data": {
      "text/html": [
       "<div>\n",
       "<style scoped>\n",
       "    .dataframe tbody tr th:only-of-type {\n",
       "        vertical-align: middle;\n",
       "    }\n",
       "\n",
       "    .dataframe tbody tr th {\n",
       "        vertical-align: top;\n",
       "    }\n",
       "\n",
       "    .dataframe thead th {\n",
       "        text-align: right;\n",
       "    }\n",
       "</style>\n",
       "<table border=\"1\" class=\"dataframe\">\n",
       "  <thead>\n",
       "    <tr style=\"text-align: right;\">\n",
       "      <th></th>\n",
       "      <th>AUDNZD</th>\n",
       "      <th>AUDUSD</th>\n",
       "      <th>EURCAD</th>\n",
       "      <th>EURCHF</th>\n",
       "      <th>EURGBP</th>\n",
       "      <th>EURUSD</th>\n",
       "      <th>GBPCAD</th>\n",
       "      <th>GBPCHF</th>\n",
       "      <th>GBPUSD</th>\n",
       "      <th>NZDUSD</th>\n",
       "      <th>USDCAD</th>\n",
       "      <th>USDCHF</th>\n",
       "      <th>AUDJPY</th>\n",
       "      <th>EURJPY</th>\n",
       "      <th>GBPJPY</th>\n",
       "      <th>NZDJPY</th>\n",
       "      <th>USDJPY</th>\n",
       "    </tr>\n",
       "    <tr>\n",
       "      <th>datetime</th>\n",
       "      <th></th>\n",
       "      <th></th>\n",
       "      <th></th>\n",
       "      <th></th>\n",
       "      <th></th>\n",
       "      <th></th>\n",
       "      <th></th>\n",
       "      <th></th>\n",
       "      <th></th>\n",
       "      <th></th>\n",
       "      <th></th>\n",
       "      <th></th>\n",
       "      <th></th>\n",
       "      <th></th>\n",
       "      <th></th>\n",
       "      <th></th>\n",
       "      <th></th>\n",
       "    </tr>\n",
       "  </thead>\n",
       "  <tbody>\n",
       "    <tr>\n",
       "      <th>2023-02-13 16:30:00</th>\n",
       "      <td>1.09524</td>\n",
       "      <td>0.696560</td>\n",
       "      <td>1.43002</td>\n",
       "      <td>0.985920</td>\n",
       "      <td>0.88346</td>\n",
       "      <td>1.072360</td>\n",
       "      <td>1.618590</td>\n",
       "      <td>1.115990</td>\n",
       "      <td>1.213800</td>\n",
       "      <td>0.63598</td>\n",
       "      <td>1.333500</td>\n",
       "      <td>0.91940</td>\n",
       "      <td>92.231</td>\n",
       "      <td>141.9910</td>\n",
       "      <td>160.7190</td>\n",
       "      <td>84.212</td>\n",
       "      <td>132.4120</td>\n",
       "    </tr>\n",
       "    <tr>\n",
       "      <th>2023-02-13 16:45:00</th>\n",
       "      <td>1.09533</td>\n",
       "      <td>0.696600</td>\n",
       "      <td>1.42976</td>\n",
       "      <td>0.985960</td>\n",
       "      <td>0.88340</td>\n",
       "      <td>1.072420</td>\n",
       "      <td>1.618500</td>\n",
       "      <td>1.116080</td>\n",
       "      <td>1.213960</td>\n",
       "      <td>0.63598</td>\n",
       "      <td>1.333200</td>\n",
       "      <td>0.91936</td>\n",
       "      <td>92.246</td>\n",
       "      <td>142.0160</td>\n",
       "      <td>160.7580</td>\n",
       "      <td>84.219</td>\n",
       "      <td>132.4240</td>\n",
       "    </tr>\n",
       "    <tr>\n",
       "      <th>2023-02-13 17:00:00</th>\n",
       "      <td>1.09552</td>\n",
       "      <td>0.696580</td>\n",
       "      <td>1.42992</td>\n",
       "      <td>0.986220</td>\n",
       "      <td>0.88356</td>\n",
       "      <td>1.072100</td>\n",
       "      <td>1.618700</td>\n",
       "      <td>1.116140</td>\n",
       "      <td>1.213690</td>\n",
       "      <td>0.63584</td>\n",
       "      <td>1.333650</td>\n",
       "      <td>0.91983</td>\n",
       "      <td>92.260</td>\n",
       "      <td>142.0160</td>\n",
       "      <td>160.7440</td>\n",
       "      <td>84.224</td>\n",
       "      <td>132.4600</td>\n",
       "    </tr>\n",
       "    <tr>\n",
       "      <th>2023-02-13 17:15:00</th>\n",
       "      <td>1.09564</td>\n",
       "      <td>0.696670</td>\n",
       "      <td>1.43020</td>\n",
       "      <td>0.986280</td>\n",
       "      <td>0.88348</td>\n",
       "      <td>1.072460</td>\n",
       "      <td>1.618960</td>\n",
       "      <td>1.116390</td>\n",
       "      <td>1.214000</td>\n",
       "      <td>0.63586</td>\n",
       "      <td>1.333580</td>\n",
       "      <td>0.91961</td>\n",
       "      <td>92.258</td>\n",
       "      <td>142.0200</td>\n",
       "      <td>160.7720</td>\n",
       "      <td>84.205</td>\n",
       "      <td>132.4280</td>\n",
       "    </tr>\n",
       "    <tr>\n",
       "      <th>2023-02-13 17:30:00</th>\n",
       "      <td>1.09552</td>\n",
       "      <td>0.696640</td>\n",
       "      <td>1.42997</td>\n",
       "      <td>0.986060</td>\n",
       "      <td>0.88344</td>\n",
       "      <td>1.072480</td>\n",
       "      <td>1.618700</td>\n",
       "      <td>1.116040</td>\n",
       "      <td>1.214050</td>\n",
       "      <td>0.63590</td>\n",
       "      <td>1.333290</td>\n",
       "      <td>0.91951</td>\n",
       "      <td>92.256</td>\n",
       "      <td>142.0360</td>\n",
       "      <td>160.7770</td>\n",
       "      <td>84.214</td>\n",
       "      <td>132.4320</td>\n",
       "    </tr>\n",
       "    <tr>\n",
       "      <th>...</th>\n",
       "      <td>...</td>\n",
       "      <td>...</td>\n",
       "      <td>...</td>\n",
       "      <td>...</td>\n",
       "      <td>...</td>\n",
       "      <td>...</td>\n",
       "      <td>...</td>\n",
       "      <td>...</td>\n",
       "      <td>...</td>\n",
       "      <td>...</td>\n",
       "      <td>...</td>\n",
       "      <td>...</td>\n",
       "      <td>...</td>\n",
       "      <td>...</td>\n",
       "      <td>...</td>\n",
       "      <td>...</td>\n",
       "      <td>...</td>\n",
       "    </tr>\n",
       "    <tr>\n",
       "      <th>2023-04-26 16:45:00</th>\n",
       "      <td>1.07962</td>\n",
       "      <td>0.660305</td>\n",
       "      <td>1.50562</td>\n",
       "      <td>0.984015</td>\n",
       "      <td>0.88544</td>\n",
       "      <td>1.104050</td>\n",
       "      <td>1.700450</td>\n",
       "      <td>1.111330</td>\n",
       "      <td>1.246885</td>\n",
       "      <td>0.61161</td>\n",
       "      <td>1.363740</td>\n",
       "      <td>0.89129</td>\n",
       "      <td>88.272</td>\n",
       "      <td>147.5865</td>\n",
       "      <td>166.6800</td>\n",
       "      <td>81.758</td>\n",
       "      <td>133.6775</td>\n",
       "    </tr>\n",
       "    <tr>\n",
       "      <th>2023-04-26 17:00:00</th>\n",
       "      <td>1.07905</td>\n",
       "      <td>0.660150</td>\n",
       "      <td>1.50546</td>\n",
       "      <td>0.983520</td>\n",
       "      <td>0.88558</td>\n",
       "      <td>1.104040</td>\n",
       "      <td>1.699980</td>\n",
       "      <td>1.111060</td>\n",
       "      <td>1.246760</td>\n",
       "      <td>0.61179</td>\n",
       "      <td>1.363100</td>\n",
       "      <td>0.89081</td>\n",
       "      <td>88.244</td>\n",
       "      <td>147.5620</td>\n",
       "      <td>166.6520</td>\n",
       "      <td>81.786</td>\n",
       "      <td>133.6830</td>\n",
       "    </tr>\n",
       "    <tr>\n",
       "      <th>2023-04-26 17:45:00</th>\n",
       "      <td>1.07983</td>\n",
       "      <td>0.660460</td>\n",
       "      <td>1.50517</td>\n",
       "      <td>0.983920</td>\n",
       "      <td>0.88560</td>\n",
       "      <td>1.104140</td>\n",
       "      <td>1.699560</td>\n",
       "      <td>1.111210</td>\n",
       "      <td>1.246760</td>\n",
       "      <td>0.61163</td>\n",
       "      <td>1.363340</td>\n",
       "      <td>0.89118</td>\n",
       "      <td>88.262</td>\n",
       "      <td>147.5440</td>\n",
       "      <td>166.6100</td>\n",
       "      <td>81.742</td>\n",
       "      <td>133.6460</td>\n",
       "    </tr>\n",
       "    <tr>\n",
       "      <th>2023-04-26 18:00:00</th>\n",
       "      <td>1.07992</td>\n",
       "      <td>0.660470</td>\n",
       "      <td>1.50480</td>\n",
       "      <td>0.983440</td>\n",
       "      <td>0.88521</td>\n",
       "      <td>1.103540</td>\n",
       "      <td>1.699980</td>\n",
       "      <td>1.110960</td>\n",
       "      <td>1.246670</td>\n",
       "      <td>0.61160</td>\n",
       "      <td>1.363620</td>\n",
       "      <td>0.89114</td>\n",
       "      <td>88.284</td>\n",
       "      <td>147.4880</td>\n",
       "      <td>166.6170</td>\n",
       "      <td>81.751</td>\n",
       "      <td>133.6680</td>\n",
       "    </tr>\n",
       "    <tr>\n",
       "      <th>2023-04-26 18:15:00</th>\n",
       "      <td>1.07996</td>\n",
       "      <td>0.660800</td>\n",
       "      <td>1.50523</td>\n",
       "      <td>0.983650</td>\n",
       "      <td>0.88542</td>\n",
       "      <td>1.104045</td>\n",
       "      <td>1.700025</td>\n",
       "      <td>1.110955</td>\n",
       "      <td>1.246870</td>\n",
       "      <td>0.61187</td>\n",
       "      <td>1.363425</td>\n",
       "      <td>0.89096</td>\n",
       "      <td>88.248</td>\n",
       "      <td>147.4340</td>\n",
       "      <td>166.5045</td>\n",
       "      <td>81.718</td>\n",
       "      <td>133.5560</td>\n",
       "    </tr>\n",
       "  </tbody>\n",
       "</table>\n",
       "<p>4974 rows × 17 columns</p>\n",
       "</div>"
      ],
      "text/plain": [
       "                      AUDNZD    AUDUSD   EURCAD    EURCHF   EURGBP    EURUSD  \\\n",
       "datetime                                                                       \n",
       "2023-02-13 16:30:00  1.09524  0.696560  1.43002  0.985920  0.88346  1.072360   \n",
       "2023-02-13 16:45:00  1.09533  0.696600  1.42976  0.985960  0.88340  1.072420   \n",
       "2023-02-13 17:00:00  1.09552  0.696580  1.42992  0.986220  0.88356  1.072100   \n",
       "2023-02-13 17:15:00  1.09564  0.696670  1.43020  0.986280  0.88348  1.072460   \n",
       "2023-02-13 17:30:00  1.09552  0.696640  1.42997  0.986060  0.88344  1.072480   \n",
       "...                      ...       ...      ...       ...      ...       ...   \n",
       "2023-04-26 16:45:00  1.07962  0.660305  1.50562  0.984015  0.88544  1.104050   \n",
       "2023-04-26 17:00:00  1.07905  0.660150  1.50546  0.983520  0.88558  1.104040   \n",
       "2023-04-26 17:45:00  1.07983  0.660460  1.50517  0.983920  0.88560  1.104140   \n",
       "2023-04-26 18:00:00  1.07992  0.660470  1.50480  0.983440  0.88521  1.103540   \n",
       "2023-04-26 18:15:00  1.07996  0.660800  1.50523  0.983650  0.88542  1.104045   \n",
       "\n",
       "                       GBPCAD    GBPCHF    GBPUSD   NZDUSD    USDCAD   USDCHF  \\\n",
       "datetime                                                                        \n",
       "2023-02-13 16:30:00  1.618590  1.115990  1.213800  0.63598  1.333500  0.91940   \n",
       "2023-02-13 16:45:00  1.618500  1.116080  1.213960  0.63598  1.333200  0.91936   \n",
       "2023-02-13 17:00:00  1.618700  1.116140  1.213690  0.63584  1.333650  0.91983   \n",
       "2023-02-13 17:15:00  1.618960  1.116390  1.214000  0.63586  1.333580  0.91961   \n",
       "2023-02-13 17:30:00  1.618700  1.116040  1.214050  0.63590  1.333290  0.91951   \n",
       "...                       ...       ...       ...      ...       ...      ...   \n",
       "2023-04-26 16:45:00  1.700450  1.111330  1.246885  0.61161  1.363740  0.89129   \n",
       "2023-04-26 17:00:00  1.699980  1.111060  1.246760  0.61179  1.363100  0.89081   \n",
       "2023-04-26 17:45:00  1.699560  1.111210  1.246760  0.61163  1.363340  0.89118   \n",
       "2023-04-26 18:00:00  1.699980  1.110960  1.246670  0.61160  1.363620  0.89114   \n",
       "2023-04-26 18:15:00  1.700025  1.110955  1.246870  0.61187  1.363425  0.89096   \n",
       "\n",
       "                     AUDJPY    EURJPY    GBPJPY  NZDJPY    USDJPY  \n",
       "datetime                                                           \n",
       "2023-02-13 16:30:00  92.231  141.9910  160.7190  84.212  132.4120  \n",
       "2023-02-13 16:45:00  92.246  142.0160  160.7580  84.219  132.4240  \n",
       "2023-02-13 17:00:00  92.260  142.0160  160.7440  84.224  132.4600  \n",
       "2023-02-13 17:15:00  92.258  142.0200  160.7720  84.205  132.4280  \n",
       "2023-02-13 17:30:00  92.256  142.0360  160.7770  84.214  132.4320  \n",
       "...                     ...       ...       ...     ...       ...  \n",
       "2023-04-26 16:45:00  88.272  147.5865  166.6800  81.758  133.6775  \n",
       "2023-04-26 17:00:00  88.244  147.5620  166.6520  81.786  133.6830  \n",
       "2023-04-26 17:45:00  88.262  147.5440  166.6100  81.742  133.6460  \n",
       "2023-04-26 18:00:00  88.284  147.4880  166.6170  81.751  133.6680  \n",
       "2023-04-26 18:15:00  88.248  147.4340  166.5045  81.718  133.5560  \n",
       "\n",
       "[4974 rows x 17 columns]"
      ]
     },
     "execution_count": 4,
     "metadata": {},
     "output_type": "execute_result"
    }
   ],
   "source": [
    "# Initialize an empty DataFrame to store the results\n",
    "df = pd.DataFrame()\n",
    "\n",
    "# Loop through the forex_pairs dictionary and read in the data for each symbol\n",
    "for symbol in forex_pairs:\n",
    "    data = tv.get_hist(symbol=symbol, exchange='OANDA', interval=Interval.in_15_minute, n_bars=5000)\n",
    "    # Calculate the daily returns\n",
    "    data['daily_returns'] = data['close'].pct_change()\n",
    "    # Rename the 'close' column to the symbol name\n",
    "    data.rename(columns={'close': symbol}, inplace=True)\n",
    "    # Concatenate the data for this symbol with the existing DataFrame\n",
    "    df = pd.concat([df, data[[symbol]]], axis=1)\n",
    "    time.sleep(0.5)  # add a 0.5 second delay between each request\n",
    "    \n",
    "# Drop any rows with missing values (i.e. from when the market is closed)\n",
    "df.dropna(inplace=True)\n",
    "\n",
    "# Print the resulting DataFrame\n",
    "df"
   ]
  },
  {
   "cell_type": "code",
   "execution_count": null,
   "id": "0baca972-df43-44d2-9d98-7ad21c8b7ef2",
   "metadata": {},
   "outputs": [],
   "source": [
    "# Create a correlation matrix using the corr() method in pandas\n",
    "correlation_matrix = df.corr()"
   ]
  },
  {
   "cell_type": "code",
   "execution_count": null,
   "id": "682aa31f-16d5-4601-b541-14c009ca51f9",
   "metadata": {},
   "outputs": [
    {
     "data": {
      "text/html": [
       "<div>\n",
       "<style scoped>\n",
       "    .dataframe tbody tr th:only-of-type {\n",
       "        vertical-align: middle;\n",
       "    }\n",
       "\n",
       "    .dataframe tbody tr th {\n",
       "        vertical-align: top;\n",
       "    }\n",
       "\n",
       "    .dataframe thead th {\n",
       "        text-align: right;\n",
       "    }\n",
       "</style>\n",
       "<table border=\"1\" class=\"dataframe\">\n",
       "  <thead>\n",
       "    <tr style=\"text-align: right;\">\n",
       "      <th></th>\n",
       "      <th>AUDNZD</th>\n",
       "      <th>AUDUSD</th>\n",
       "      <th>EURCAD</th>\n",
       "      <th>EURCHF</th>\n",
       "      <th>EURGBP</th>\n",
       "      <th>EURUSD</th>\n",
       "      <th>GBPCAD</th>\n",
       "      <th>GBPCHF</th>\n",
       "      <th>GBPUSD</th>\n",
       "      <th>NZDUSD</th>\n",
       "      <th>USDCAD</th>\n",
       "      <th>USDCHF</th>\n",
       "      <th>AUDJPY</th>\n",
       "      <th>EURJPY</th>\n",
       "      <th>GBPJPY</th>\n",
       "      <th>NZDJPY</th>\n",
       "      <th>USDJPY</th>\n",
       "    </tr>\n",
       "  </thead>\n",
       "  <tbody>\n",
       "    <tr>\n",
       "      <th>AUDNZD</th>\n",
       "      <td>1.000000</td>\n",
       "      <td>0.737762</td>\n",
       "      <td>-0.654378</td>\n",
       "      <td>-0.075006</td>\n",
       "      <td>0.487798</td>\n",
       "      <td>-0.332565</td>\n",
       "      <td>-0.729961</td>\n",
       "      <td>-0.364120</td>\n",
       "      <td>-0.441697</td>\n",
       "      <td>-0.065864</td>\n",
       "      <td>-0.350077</td>\n",
       "      <td>0.249360</td>\n",
       "      <td>0.862860</td>\n",
       "      <td>0.128046</td>\n",
       "      <td>-0.046869</td>\n",
       "      <td>0.533438</td>\n",
       "      <td>0.492738</td>\n",
       "    </tr>\n",
       "    <tr>\n",
       "      <th>AUDUSD</th>\n",
       "      <td>0.737762</td>\n",
       "      <td>1.000000</td>\n",
       "      <td>-0.641157</td>\n",
       "      <td>0.092304</td>\n",
       "      <td>0.165930</td>\n",
       "      <td>-0.130935</td>\n",
       "      <td>-0.608635</td>\n",
       "      <td>-0.031209</td>\n",
       "      <td>-0.166114</td>\n",
       "      <td>0.624973</td>\n",
       "      <td>-0.635167</td>\n",
       "      <td>0.137561</td>\n",
       "      <td>0.706365</td>\n",
       "      <td>-0.119948</td>\n",
       "      <td>-0.186878</td>\n",
       "      <td>0.509575</td>\n",
       "      <td>0.015667</td>\n",
       "    </tr>\n",
       "    <tr>\n",
       "      <th>EURCAD</th>\n",
       "      <td>-0.654378</td>\n",
       "      <td>-0.641157</td>\n",
       "      <td>1.000000</td>\n",
       "      <td>-0.289382</td>\n",
       "      <td>-0.245574</td>\n",
       "      <td>0.750970</td>\n",
       "      <td>0.944512</td>\n",
       "      <td>-0.073317</td>\n",
       "      <td>0.738034</td>\n",
       "      <td>-0.190356</td>\n",
       "      <td>0.167982</td>\n",
       "      <td>-0.717615</td>\n",
       "      <td>-0.798718</td>\n",
       "      <td>0.310406</td>\n",
       "      <td>0.416439</td>\n",
       "      <td>-0.738214</td>\n",
       "      <td>-0.498172</td>\n",
       "    </tr>\n",
       "    <tr>\n",
       "      <th>EURCHF</th>\n",
       "      <td>-0.075006</td>\n",
       "      <td>0.092304</td>\n",
       "      <td>-0.289382</td>\n",
       "      <td>1.000000</td>\n",
       "      <td>0.008205</td>\n",
       "      <td>-0.358209</td>\n",
       "      <td>-0.251129</td>\n",
       "      <td>0.779584</td>\n",
       "      <td>-0.318171</td>\n",
       "      <td>0.224081</td>\n",
       "      <td>0.159211</td>\n",
       "      <td>0.641875</td>\n",
       "      <td>0.114268</td>\n",
       "      <td>-0.313971</td>\n",
       "      <td>-0.331925</td>\n",
       "      <td>0.256598</td>\n",
       "      <td>0.070000</td>\n",
       "    </tr>\n",
       "    <tr>\n",
       "      <th>EURGBP</th>\n",
       "      <td>0.487798</td>\n",
       "      <td>0.165930</td>\n",
       "      <td>-0.245574</td>\n",
       "      <td>0.008205</td>\n",
       "      <td>1.000000</td>\n",
       "      <td>-0.239580</td>\n",
       "      <td>-0.550329</td>\n",
       "      <td>-0.619786</td>\n",
       "      <td>-0.511159</td>\n",
       "      <td>-0.320462</td>\n",
       "      <td>0.041386</td>\n",
       "      <td>0.204108</td>\n",
       "      <td>0.528284</td>\n",
       "      <td>0.309011</td>\n",
       "      <td>-0.047221</td>\n",
       "      <td>0.440394</td>\n",
       "      <td>0.585039</td>\n",
       "    </tr>\n",
       "    <tr>\n",
       "      <th>EURUSD</th>\n",
       "      <td>-0.332565</td>\n",
       "      <td>-0.130935</td>\n",
       "      <td>0.750970</td>\n",
       "      <td>-0.358209</td>\n",
       "      <td>-0.239580</td>\n",
       "      <td>1.000000</td>\n",
       "      <td>0.727946</td>\n",
       "      <td>-0.131228</td>\n",
       "      <td>0.956904</td>\n",
       "      <td>0.192617</td>\n",
       "      <td>-0.524743</td>\n",
       "      <td>-0.945752</td>\n",
       "      <td>-0.451056</td>\n",
       "      <td>0.563488</td>\n",
       "      <td>0.680964</td>\n",
       "      <td>-0.447902</td>\n",
       "      <td>-0.506912</td>\n",
       "    </tr>\n",
       "    <tr>\n",
       "      <th>GBPCAD</th>\n",
       "      <td>-0.729961</td>\n",
       "      <td>-0.608635</td>\n",
       "      <td>0.944512</td>\n",
       "      <td>-0.251129</td>\n",
       "      <td>-0.550329</td>\n",
       "      <td>0.727946</td>\n",
       "      <td>1.000000</td>\n",
       "      <td>0.147562</td>\n",
       "      <td>0.808842</td>\n",
       "      <td>-0.054414</td>\n",
       "      <td>0.130731</td>\n",
       "      <td>-0.686908</td>\n",
       "      <td>-0.867915</td>\n",
       "      <td>0.161449</td>\n",
       "      <td>0.373421</td>\n",
       "      <td>-0.785713</td>\n",
       "      <td>-0.628498</td>\n",
       "    </tr>\n",
       "    <tr>\n",
       "      <th>GBPCHF</th>\n",
       "      <td>-0.364120</td>\n",
       "      <td>-0.031209</td>\n",
       "      <td>-0.073317</td>\n",
       "      <td>0.779584</td>\n",
       "      <td>-0.619786</td>\n",
       "      <td>-0.131228</td>\n",
       "      <td>0.147562</td>\n",
       "      <td>1.000000</td>\n",
       "      <td>0.070290</td>\n",
       "      <td>0.376675</td>\n",
       "      <td>0.099234</td>\n",
       "      <td>0.376013</td>\n",
       "      <td>-0.241523</td>\n",
       "      <td>-0.440798</td>\n",
       "      <td>-0.231848</td>\n",
       "      <td>-0.075231</td>\n",
       "      <td>-0.312206</td>\n",
       "    </tr>\n",
       "    <tr>\n",
       "      <th>GBPUSD</th>\n",
       "      <td>-0.441697</td>\n",
       "      <td>-0.166114</td>\n",
       "      <td>0.738034</td>\n",
       "      <td>-0.318171</td>\n",
       "      <td>-0.511159</td>\n",
       "      <td>0.956904</td>\n",
       "      <td>0.808842</td>\n",
       "      <td>0.070290</td>\n",
       "      <td>1.000000</td>\n",
       "      <td>0.267131</td>\n",
       "      <td>-0.477163</td>\n",
       "      <td>-0.897795</td>\n",
       "      <td>-0.557868</td>\n",
       "      <td>0.406171</td>\n",
       "      <td>0.616706</td>\n",
       "      <td>-0.527888</td>\n",
       "      <td>-0.623929</td>\n",
       "    </tr>\n",
       "    <tr>\n",
       "      <th>NZDUSD</th>\n",
       "      <td>-0.065864</td>\n",
       "      <td>0.624973</td>\n",
       "      <td>-0.190356</td>\n",
       "      <td>0.224081</td>\n",
       "      <td>-0.320462</td>\n",
       "      <td>0.192617</td>\n",
       "      <td>-0.054414</td>\n",
       "      <td>0.376675</td>\n",
       "      <td>0.267131</td>\n",
       "      <td>1.000000</td>\n",
       "      <td>-0.535561</td>\n",
       "      <td>-0.085977</td>\n",
       "      <td>0.046810</td>\n",
       "      <td>-0.323047</td>\n",
       "      <td>-0.218979</td>\n",
       "      <td>0.137251</td>\n",
       "      <td>-0.545902</td>\n",
       "    </tr>\n",
       "    <tr>\n",
       "      <th>USDCAD</th>\n",
       "      <td>-0.350077</td>\n",
       "      <td>-0.635167</td>\n",
       "      <td>0.167982</td>\n",
       "      <td>0.159211</td>\n",
       "      <td>0.041386</td>\n",
       "      <td>-0.524743</td>\n",
       "      <td>0.130731</td>\n",
       "      <td>0.099234</td>\n",
       "      <td>-0.477163</td>\n",
       "      <td>-0.535561</td>\n",
       "      <td>1.000000</td>\n",
       "      <td>0.485966</td>\n",
       "      <td>-0.356927</td>\n",
       "      <td>-0.438031</td>\n",
       "      <td>-0.476677</td>\n",
       "      <td>-0.281336</td>\n",
       "      <td>0.117727</td>\n",
       "    </tr>\n",
       "    <tr>\n",
       "      <th>USDCHF</th>\n",
       "      <td>0.249360</td>\n",
       "      <td>0.137561</td>\n",
       "      <td>-0.717615</td>\n",
       "      <td>0.641875</td>\n",
       "      <td>0.204108</td>\n",
       "      <td>-0.945752</td>\n",
       "      <td>-0.686908</td>\n",
       "      <td>0.376013</td>\n",
       "      <td>-0.897795</td>\n",
       "      <td>-0.085977</td>\n",
       "      <td>0.485966</td>\n",
       "      <td>1.000000</td>\n",
       "      <td>0.413779</td>\n",
       "      <td>-0.565066</td>\n",
       "      <td>-0.669128</td>\n",
       "      <td>0.461035</td>\n",
       "      <td>0.447800</td>\n",
       "    </tr>\n",
       "    <tr>\n",
       "      <th>AUDJPY</th>\n",
       "      <td>0.862860</td>\n",
       "      <td>0.706365</td>\n",
       "      <td>-0.798718</td>\n",
       "      <td>0.114268</td>\n",
       "      <td>0.528284</td>\n",
       "      <td>-0.451056</td>\n",
       "      <td>-0.867915</td>\n",
       "      <td>-0.241523</td>\n",
       "      <td>-0.557868</td>\n",
       "      <td>0.046810</td>\n",
       "      <td>-0.356927</td>\n",
       "      <td>0.413779</td>\n",
       "      <td>1.000000</td>\n",
       "      <td>0.217244</td>\n",
       "      <td>0.032262</td>\n",
       "      <td>0.887770</td>\n",
       "      <td>0.718768</td>\n",
       "    </tr>\n",
       "    <tr>\n",
       "      <th>EURJPY</th>\n",
       "      <td>0.128046</td>\n",
       "      <td>-0.119948</td>\n",
       "      <td>0.310406</td>\n",
       "      <td>-0.313971</td>\n",
       "      <td>0.309011</td>\n",
       "      <td>0.563488</td>\n",
       "      <td>0.161449</td>\n",
       "      <td>-0.440798</td>\n",
       "      <td>0.406171</td>\n",
       "      <td>-0.323047</td>\n",
       "      <td>-0.438031</td>\n",
       "      <td>-0.565066</td>\n",
       "      <td>0.217244</td>\n",
       "      <td>1.000000</td>\n",
       "      <td>0.935393</td>\n",
       "      <td>0.251963</td>\n",
       "      <td>0.426368</td>\n",
       "    </tr>\n",
       "    <tr>\n",
       "      <th>GBPJPY</th>\n",
       "      <td>-0.046869</td>\n",
       "      <td>-0.186878</td>\n",
       "      <td>0.416439</td>\n",
       "      <td>-0.331925</td>\n",
       "      <td>-0.047221</td>\n",
       "      <td>0.680964</td>\n",
       "      <td>0.373421</td>\n",
       "      <td>-0.231848</td>\n",
       "      <td>0.616706</td>\n",
       "      <td>-0.218979</td>\n",
       "      <td>-0.476677</td>\n",
       "      <td>-0.669128</td>\n",
       "      <td>0.032262</td>\n",
       "      <td>0.935393</td>\n",
       "      <td>1.000000</td>\n",
       "      <td>0.101744</td>\n",
       "      <td>0.230244</td>\n",
       "    </tr>\n",
       "    <tr>\n",
       "      <th>NZDJPY</th>\n",
       "      <td>0.533438</td>\n",
       "      <td>0.509575</td>\n",
       "      <td>-0.738214</td>\n",
       "      <td>0.256598</td>\n",
       "      <td>0.440394</td>\n",
       "      <td>-0.447902</td>\n",
       "      <td>-0.785713</td>\n",
       "      <td>-0.075231</td>\n",
       "      <td>-0.527888</td>\n",
       "      <td>0.137251</td>\n",
       "      <td>-0.281336</td>\n",
       "      <td>0.461035</td>\n",
       "      <td>0.887770</td>\n",
       "      <td>0.251963</td>\n",
       "      <td>0.101744</td>\n",
       "      <td>1.000000</td>\n",
       "      <td>0.754948</td>\n",
       "    </tr>\n",
       "    <tr>\n",
       "      <th>USDJPY</th>\n",
       "      <td>0.492738</td>\n",
       "      <td>0.015667</td>\n",
       "      <td>-0.498172</td>\n",
       "      <td>0.070000</td>\n",
       "      <td>0.585039</td>\n",
       "      <td>-0.506912</td>\n",
       "      <td>-0.628498</td>\n",
       "      <td>-0.312206</td>\n",
       "      <td>-0.623929</td>\n",
       "      <td>-0.545902</td>\n",
       "      <td>0.117727</td>\n",
       "      <td>0.447800</td>\n",
       "      <td>0.718768</td>\n",
       "      <td>0.426368</td>\n",
       "      <td>0.230244</td>\n",
       "      <td>0.754948</td>\n",
       "      <td>1.000000</td>\n",
       "    </tr>\n",
       "  </tbody>\n",
       "</table>\n",
       "</div>"
      ],
      "text/plain": [
       "          AUDNZD    AUDUSD    EURCAD    EURCHF    EURGBP    EURUSD    GBPCAD  \\\n",
       "AUDNZD  1.000000  0.737762 -0.654378 -0.075006  0.487798 -0.332565 -0.729961   \n",
       "AUDUSD  0.737762  1.000000 -0.641157  0.092304  0.165930 -0.130935 -0.608635   \n",
       "EURCAD -0.654378 -0.641157  1.000000 -0.289382 -0.245574  0.750970  0.944512   \n",
       "EURCHF -0.075006  0.092304 -0.289382  1.000000  0.008205 -0.358209 -0.251129   \n",
       "EURGBP  0.487798  0.165930 -0.245574  0.008205  1.000000 -0.239580 -0.550329   \n",
       "EURUSD -0.332565 -0.130935  0.750970 -0.358209 -0.239580  1.000000  0.727946   \n",
       "GBPCAD -0.729961 -0.608635  0.944512 -0.251129 -0.550329  0.727946  1.000000   \n",
       "GBPCHF -0.364120 -0.031209 -0.073317  0.779584 -0.619786 -0.131228  0.147562   \n",
       "GBPUSD -0.441697 -0.166114  0.738034 -0.318171 -0.511159  0.956904  0.808842   \n",
       "NZDUSD -0.065864  0.624973 -0.190356  0.224081 -0.320462  0.192617 -0.054414   \n",
       "USDCAD -0.350077 -0.635167  0.167982  0.159211  0.041386 -0.524743  0.130731   \n",
       "USDCHF  0.249360  0.137561 -0.717615  0.641875  0.204108 -0.945752 -0.686908   \n",
       "AUDJPY  0.862860  0.706365 -0.798718  0.114268  0.528284 -0.451056 -0.867915   \n",
       "EURJPY  0.128046 -0.119948  0.310406 -0.313971  0.309011  0.563488  0.161449   \n",
       "GBPJPY -0.046869 -0.186878  0.416439 -0.331925 -0.047221  0.680964  0.373421   \n",
       "NZDJPY  0.533438  0.509575 -0.738214  0.256598  0.440394 -0.447902 -0.785713   \n",
       "USDJPY  0.492738  0.015667 -0.498172  0.070000  0.585039 -0.506912 -0.628498   \n",
       "\n",
       "          GBPCHF    GBPUSD    NZDUSD    USDCAD    USDCHF    AUDJPY    EURJPY  \\\n",
       "AUDNZD -0.364120 -0.441697 -0.065864 -0.350077  0.249360  0.862860  0.128046   \n",
       "AUDUSD -0.031209 -0.166114  0.624973 -0.635167  0.137561  0.706365 -0.119948   \n",
       "EURCAD -0.073317  0.738034 -0.190356  0.167982 -0.717615 -0.798718  0.310406   \n",
       "EURCHF  0.779584 -0.318171  0.224081  0.159211  0.641875  0.114268 -0.313971   \n",
       "EURGBP -0.619786 -0.511159 -0.320462  0.041386  0.204108  0.528284  0.309011   \n",
       "EURUSD -0.131228  0.956904  0.192617 -0.524743 -0.945752 -0.451056  0.563488   \n",
       "GBPCAD  0.147562  0.808842 -0.054414  0.130731 -0.686908 -0.867915  0.161449   \n",
       "GBPCHF  1.000000  0.070290  0.376675  0.099234  0.376013 -0.241523 -0.440798   \n",
       "GBPUSD  0.070290  1.000000  0.267131 -0.477163 -0.897795 -0.557868  0.406171   \n",
       "NZDUSD  0.376675  0.267131  1.000000 -0.535561 -0.085977  0.046810 -0.323047   \n",
       "USDCAD  0.099234 -0.477163 -0.535561  1.000000  0.485966 -0.356927 -0.438031   \n",
       "USDCHF  0.376013 -0.897795 -0.085977  0.485966  1.000000  0.413779 -0.565066   \n",
       "AUDJPY -0.241523 -0.557868  0.046810 -0.356927  0.413779  1.000000  0.217244   \n",
       "EURJPY -0.440798  0.406171 -0.323047 -0.438031 -0.565066  0.217244  1.000000   \n",
       "GBPJPY -0.231848  0.616706 -0.218979 -0.476677 -0.669128  0.032262  0.935393   \n",
       "NZDJPY -0.075231 -0.527888  0.137251 -0.281336  0.461035  0.887770  0.251963   \n",
       "USDJPY -0.312206 -0.623929 -0.545902  0.117727  0.447800  0.718768  0.426368   \n",
       "\n",
       "          GBPJPY    NZDJPY    USDJPY  \n",
       "AUDNZD -0.046869  0.533438  0.492738  \n",
       "AUDUSD -0.186878  0.509575  0.015667  \n",
       "EURCAD  0.416439 -0.738214 -0.498172  \n",
       "EURCHF -0.331925  0.256598  0.070000  \n",
       "EURGBP -0.047221  0.440394  0.585039  \n",
       "EURUSD  0.680964 -0.447902 -0.506912  \n",
       "GBPCAD  0.373421 -0.785713 -0.628498  \n",
       "GBPCHF -0.231848 -0.075231 -0.312206  \n",
       "GBPUSD  0.616706 -0.527888 -0.623929  \n",
       "NZDUSD -0.218979  0.137251 -0.545902  \n",
       "USDCAD -0.476677 -0.281336  0.117727  \n",
       "USDCHF -0.669128  0.461035  0.447800  \n",
       "AUDJPY  0.032262  0.887770  0.718768  \n",
       "EURJPY  0.935393  0.251963  0.426368  \n",
       "GBPJPY  1.000000  0.101744  0.230244  \n",
       "NZDJPY  0.101744  1.000000  0.754948  \n",
       "USDJPY  0.230244  0.754948  1.000000  "
      ]
     },
     "execution_count": 6,
     "metadata": {},
     "output_type": "execute_result"
    }
   ],
   "source": [
    "# Print the correlation matrix\n",
    "correlation_matrix"
   ]
  },
  {
   "cell_type": "code",
   "execution_count": null,
   "id": "5e28af8d-b542-472e-83e3-485abc3c0fd1",
   "metadata": {},
   "outputs": [
    {
     "data": {
